00 04 90 73 30 48 21 07 28 05 39 75 40 83 03 73 19 28 62 23 36 29 59 58 94
04 00 90 74 94 71 75 43 66 87 16 21 55 68 01 49 65 68 45 54 04 01 47 15 60
90 90 00 86 52 60 48 23 82 64 72 59 23 93 86 27 50 91 30 46 02 79 53 35 91
73 74 86 00 44 30 88 31 05 55 59 23 49 20 12 36 11 04 89 59 83 11 94 15 50
30 94 52 44 00 29 94 53 12 23 71 51 74 26 39 85 04 15 26 55 63 56 48 00 28
48 71 60 30 29 00 62 74 04 19 29 94 01 86 85 63 24 75 18 64 40 16 24 17 48
21 75 48 88 94 62 00 04 95 36 62 98 22 20 47 12 80 85 87 34 87 20 92 65 47
07 43 23 31 53 74 04 00 86 51 73 01 72 30 88 29 95 29 25 18 76 47 14 19 04
28 66 82 05 12 04 95 86 00 15 76 84 72 82 81 48 24 34 85 49 91 98 28 98 41
05 87 64 55 23 19 36 51 15 00 05 41 54 88 12 99 83 28 84 07 29 86 73 77 84
39 16 72 59 71 29 62 73 76 05 00 26 61 81 23 28 16 20 53 26 75 42 55 01 32
75 21 59 23 51 94 98 01 84 41 26 00 32 02 07 89 68 64 85 40 37 39 18 33 46
40 55 23 49 74 01 22 72 72 54 61 32 00 74 52 48 10 36 12 88 03 35 80 38 75
83 68 93 20 26 86 20 30 82 88 81 02 74 00 21 55 09 37 78 07 15 13 35 86 69
03 01 86 12 39 85 47 88 81 12 23 07 52 21 00 27 13 12 96 03 05 95 92 36 48
73 49 27 36 85 63 12 29 48 99 28 89 48 55 27 00 94 44 95 15 36 21 52 11 07
19 65 50 11 04 24 80 95 24 83 16 68 10 09 13 94 00 59 18 80 06 92 29 06 38
28 68 91 04 15 75 85 29 34 28 20 64 36 37 12 44 59 00 88 20 46 45 73 18 27
62 45 30 89 26 18 87 25 85 84 53 85 12 78 96 95 18 88 00 85 19 41 80 52 41
23 54 46 59 55 64 34 18 49 07 26 40 88 07 03 15 80 20 85 00 98 20 30 56 50
36 04 02 83 63 40 87 76 91 29 75 37 03 15 05 36 06 46 19 98 00 35 07 09 61
29 01 79 11 56 16 20 47 98 86 42 39 35 13 95 21 92 45 41 20 35 00 63 19 13
59 47 53 94 48 24 92 14 28 73 55 18 80 35 92 52 29 73 80 30 07 63 00 72 69
58 15 35 15 00 17 65 19 98 77 01 33 38 86 36 11 06 18 52 56 09 19 72 00 42
94 60 91 50 28 48 47 04 41 84 32 46 75 69 48 07 38 27 41 50 61 13 69 42 00