00 38 71 41 64 09 50 47 83 07 56 57 45 96 97 58 64 94 90 35
38 00 16 18 63 03 51 14 74 18 40 18 47 87 04 32 77 97 17 40
71 16 00 54 92 20 21 89 15 97 56 79 14 80 03 13 69 01 56 73
41 18 54 00 85 20 69 49 03 82 36 86 82 69 53 38 99 64 25 23
64 63 92 85 00 29 31 46 37 22 46 20 56 75 60 37 57 75 35 48
09 03 20 20 29 00 69 19 61 92 03 55 70 50 48 77 42 89 58 53
50 51 21 69 31 69 00 46 62 29 35 79 09 42 95 34 54 68 35 67
47 14 89 49 46 19 46 00 18 10 43 69 22 06 80 80 09 74 01 66
83 74 15 03 37 61 62 18 00 65 17 56 60 79 83 88 47 03 01 03
07 18 97 82 22 92 29 10 65 00 04 63 66 76 27 83 31 96 22 58
56 40 56 36 46 03 35 43 17 04 00 44 05 81 05 66 13 81 90 59
57 18 79 86 20 55 79 69 56 63 44 00 23 71 64 09 84 74 32 74
45 47 14 82 56 70 09 22 60 66 05 23 00 19 32 78 46 76 46 49
96 87 80 69 75 50 42 06 79 76 81 71 19 00 44 30 35 56 28 41
97 04 03 53 60 48 95 80 83 27 05 64 32 44 00 01 49 62 59 67
58 32 13 38 37 77 34 80 88 83 66 09 78 30 01 00 30 47 22 59
64 77 69 99 57 42 54 09 47 31 13 84 46 35 49 30 00 65 32 27
94 97 01 64 75 89 68 74 03 96 81 74 76 56 62 47 65 00 13 43
90 17 56 25 35 58 35 01 01 22 90 32 46 28 59 22 32 13 00 36
35 40 73 23 48 53 67 66 03 58 59 74 49 41 67 59 27 43 36 00